1163 26 0
765 27 0
611 144 0
725 120 0
614 4 0
350 4 0
311 22 0
400 7 0
370 2 0
406 0 0
711 242 0
298 4 0
314 6 0
327 10 0
310 3 0
299 2 0
549 26 0
404 89 0
266 3 0
299 17 0
457 28 0
347 60 0
292 1 0
398 12 0
406 3 0
394 6 0
413 17 0
653 143 0
610 25 0
511 142 0
368 6 0
389 4 0
347 0 0
340 2 0
378 4 0
322 1 0
340 12 0
497 145 0
345 3 0
572 49 0
457 133 0
432 23 0
338 3 0
303 4 0
284 1 0
301 5 0
439 24 0
522 147 0
343 2 0
333 2 0
420 6 0
608 25 0
386 3 0
416 16 0
418 2 0
573 24 0
385 0 0
413 17 0
357 1 0
635 24 0
369 85 0
293 8 0
538 238 0
465 156 0
431 24 0
330 2 0
321 13 0
299 10 0
305 1 0
329 11 0
309 0 0
439 142 0
480 27 0
328 10 0
306 2 0
298 5 0
319 3 0
289 3 0
335 41 0
480 24 0
627 245 0
281 1 0
297 0 0
374 78 0
385 87 0
288 35 0
290 5 0
294 14 0
305 6 0
350 35 0
295 0 0
386 89 0
350 46 0
330 9 0
309 2 0
414 24 0
567 243 0
407 7 0
422 9 0
