741 0 34
1429 0 25
1375 0 29
812 0 44
1166 1 19
1057 0 23
1007 1 18
743 0 33
1217 1 34
1149 2 69
1236 2 116
1133 0 25
1076 0 16
1190 0 35
698 0 23
670 0 17
1190 0 47
760 0 17
1041 1 19
1413 0 42
1162 0 25
716 0 33
1402 2 135
1272 0 28
1211 0 43
1533 1 22
721 0 25
719 1 36
1608 1 59
1380 0 103
687 0 29
978 0 45
784 0 21
1472 0 39
1556 1 91
1416 3 69
1549 0 23
798 0 24
1310 1 21
786 0 50
1214 0 25
1851 0 205
1472 0 23
698 2 24
1730 0 23
1246 0 11
1471 2 114
1305 0 20
1584 1 27
1362 1 27
1502 0 45
1225 0 30
1488 1 37
1174 1 27
867 0 32
896 1 32
1201 0 26
1455 0 22
913 0 32
702 0 20
1413 1 34
796 1 37
787 0 31
1289 0 26
2074 2 231
1696 0 68
1342 0 26
1684 0 31
778 0 25
1355 0 103
2433 0 63
1406 0 20
1230 0 28
1063 0 14
1099 1 26
2036 0 19
1897 0 31
785 3 33
1662 1 31
1159 1 44
750 0 25
1159 0 62
1219 0 22
1552 0 48
1950 0 148
1577 0 23
808 0 29
2016 0 104
1449 1 26
1461 0 53
