615 98 943
6682 147 1315
9889 269 1704
575 90 1070
4206 50 303
3963 40 1544
3774 50 1091
533 99 1019
5665 119 1271
4461 43 1309
8810 308 1530
4630 47 1126
3168 42 1213
5255 65 1635
524 129 1198
446 101 1088
5348 63 1902
538 97 1024
8034 280 1254
7251 136 1416
7976 192 642
489 132 1112
7632 87 1451
5769 132 1390
5459 51 806
8763 78 2350
448 100 935
631 275 1651
8633 220 1102
9797 257 2326
576 140 1236
3730 39 1005
640 98 995
7656 73 3206
8497 80 2457
8606 87 3242
7483 144 1722
858 50 1006
5578 134 1321
833 229 1144
5419 129 1385
14518 355 2380
7323 138 1524
898 12 95
7728 74 2350
3328 41 1213
12790 382 2067
5210 81 1385
8233 76 3326
6393 135 1472
8835 208 1813
4886 49 1324
7943 89 3377
4536 41 1125
2307 37 647
2225 30 647
5014 89 1448
8219 69 2828
2245 31 647
529 131 1199
6868 137 1475
838 329 1312
1068 151 1196
4601 43 1714
14578 449 4072
10074 124 3649
6141 92 1698
7445 96 848
655 111 1028
9216 246 2326
13093 288 3739
5729 124 1339
5538 82 1449
4003 68 531
4302 74 1214
8809 172 1773
8839 98 3349
872 333 1312
7280 101 848
4790 78 1064
498 135 1198
5703 96 924
4216 46 1351
9368 315 1693
10533 176 3522
7390 138 1722
566 131 1248
9183 116 3455
6268 149 1410
10581 347 1755
