479 104 627
575 94 607
4203 169 120
637 102 386
502 5 30
1062 28 264
1464 34 253
470 7 367
807 27 416
341 2 227
622 241 343
421 6 173
1180 34 337
1496 34 182
487 89 288
395 11 563
1421 30 139
493 95 681
947 28 425
499 104 693
2030 31 64
464 52 593
474 3 240
670 93 589
355 3 95
328 7 367
318 12 216
591 198 1061
3035 176 173
2957 174 173
432 88 251
420 48 654
882 26 177
402 17 354
376 4 340
423 5 295
1022 30 241
451 99 849
448 47 466
2259 113 374
538 140 403
1695 68 404
555 140 403
473 92 713
403 4 24
1155 31 316
1110 33 316
716 284 589
423 44 568
403 6 299
468 92 692
1320 36 253
1262 28 258
487 26 357
1620 33 139
1001 26 350
994 25 350
1233 43 324
908 27 308
1162 30 318
581 129 927
539 95 681
794 331 933
701 149 511
1236 45 337
2749 42 181
381 16 481
383 74 790
1728 30 64
369 11 284
311 5 40
483 146 547
2345 37 181
770 34 423
380 6 337
412 46 593
1164 27 84
753 28 444
484 128 927
1067 34 378
651 244 368
490 3 142
729 25 235
1712 66 404
477 110 288
1821 62 228
1072 30 188
1449 39 248
365 11 216
421 41 430
795 26 403
2340 135 374
443 43 466
354 11 340
909 26 318
1074 31 258
3394 274 254
1148 42 378
1537 48 312
