472 0 12
487 0 10
812 2 10
579 0 13
516 1 9
665 0 9
761 0 13
499 0 9
713 3 15
470 0 11
472 1 14
478 0 10
704 0 10
812 1 10
483 0 13
495 0 11
713 0 10
485 0 8
630 0 10
469 0 10
663 1 9
475 0 11
499 0 13
551 0 11
559 0 10
618 0 9
562 0 11
580 0 13
1025 1 12
804 2 12
491 0 11
468 0 10
637 1 11
469 0 10
524 0 15
512 0 11
921 0 10
474 0 10
512 0 10
879 1 11
501 1 28
787 0 11
618 1 24
469 0 12
469 0 6
674 0 12
718 2 12
531 1 49
459 0 10
496 0 10
459 0 12
689 0 13
686 0 9
501 0 11
763 0 10
618 1 9
609 0 9
634 0 9
660 1 12
670 0 11
499 0 9
498 0 8
472 1 12
558 0 13
661 1 9
940 0 10
534 0 15
453 0 10
682 1 9
488 0 12
487 0 12
497 0 18
898 0 10
606 1 10
477 0 12
448 0 11
734 1 7
623 1 11
489 0 9
704 1 11
599 1 12
529 1 10
631 1 12
839 0 9
447 0 13
687 0 15
703 1 9
704 1 9
488 0 12
514 0 15
675 0 10
926 1 11
566 0 10
490 0 11
606 0 11
654 0 9
804 1 20
746 0 10
766 0 10
