182 0 5
176 0 6
198 2 6
188 0 6
198 0 5
180 0 5
167 0 5
230 0 5
195 0 5
182 0 5
187 2 5
191 0 4
191 0 5
182 0 6
180 0 5
196 0 5
304 0 5
178 0 6
159 0 5
182 0 5
316 0 5
135 0 5
190 0 5
169 0 6
195 0 5
177 0 5
175 0 5
201 0 6
281 0 5
203 0 6
173 0 4
179 0 5
208 0 5
211 0 5
165 0 5
165 0 5
174 1 6
192 0 5
196 0 5
273 1 5
192 0 6
335 1 5
198 0 5
164 0 5
172 1 5
188 0 5
257 1 5
200 3 6
182 0 5
174 0 5
177 0 5
280 1 5
176 0 5
174 0 5
187 0 5
294 1 5
175 0 5
168 0 5
170 0 5
320 0 5
183 0 5
175 0 5
188 0 5
206 0 6
327 1 5
190 0 5
171 1 7
182 0 6
182 0 5
160 0 5
165 0 5
166 0 6
291 1 5
175 0 5
203 0 5
175 0 5
161 0 4
175 0 5
174 0 5
254 0 5
192 0 5
205 1 5
169 0 5
175 0 5
198 0 6
196 0 5
189 0 5
192 0 7
195 0 5
181 0 5
154 0 5
197 0 5
183 0 5
163 0 4
181 1 5
341 0 5
186 1 5
139 0 5
197 0 4
