28.99 11.14 30.56 15.48 62.03 18.78 90.85 23.94 193.2 33.38 
24.65 11.16 42.92 15 80.18 18.81 144.8 24.7 259.61 35.06 
21.49 11.28 54.61 15.17 103.98 20.39 168.79 26.2 265.22 36.73 
21.71 11.13 56.54 14.88 95.33 18.68 156.06 24.47 243.41 36.52 
21.74 11.55 51.64 14.34 90.43 18.84 155.47 24.7 254.54 34.62 
31.12 11.95 62.16 15.23 106.92 20.25 171.86 25.59 287.12 35.31 
18.27 10.94 47.01 14.28 84.78 18.22 134.31 23.22 245.32 33.79 
25.68 11.23 53.64 14.71 79.62 18.71 141.95 23.55 245.4 33.57 
28.63 11.9 58.8 14.96 102.58 19.12 162.8 24.71 278.38 35.71 
26.37 11.97 52.46 15.4 93.57 19.78 140.95 24.52 231.51 34.39 
28.51 11.57 58.38 15.02 90.39 19.2 147.93 25.31 254.82 35.91 
32.61 11.82 55.23 14.41 85 18.37 143.5 23.89 240.34 34.05 
29.87 11.48 60.17 14.44 107.65 19.04 159.67 24.38 267.05 34.67 
20.09 10.9 50.97 14.43 95.68 19.77 159.97 26.51 250.73 36.2 
17.21 10.35 56.12 14.08 83.24 19.21 119.27 23.26 193.77 31.83 
29.93 11.96 66.29 15.35 100.18 19.75 165.87 25.36 295.03 35.08 
25.92 11.22 55.44 14.48 88.04 18.69 153.84 24.84 238.18 33.92 
20.91 11.23 48.61 14.59 76.7 18.81 130.31 24.9 210.75 35.25 
18.35 10.92 56.05 15.25 91.49 19.77 143.18 25.26 255.51 35.39 
21.98 11.28 52.92 14.59 94 18.89 152.77 25.5 231.15 35.83 
20.39 11.24 55.28 14.58 82.81 19.45 134.82 25.57 229.58 35.54 
22.89 11.02 61.85 14.91 88.75 18.75 146.93 24.2 242.71 34.53 
24.14 11.59 60.17 14.96 94.92 19.15 154.72 25.78 255.33 35.38 
26.09 12.99 53.38 15.3 80.28 19.63 118.65 24.88 217.01 34 
22.74 11.52 53.84 15.15 88.64 19.14 144.77 24.8 246.36 35.32 
30.69 12.35 61.73 15.23 100 18.73 138.78 23.45 275.32 34.58 
30.49 12.29 52.91 14.79 78.68 18.77 131.41 23.87 206.96 33.01 
24.54 10.83 52.84 14.65 82.66 18.93 141.33 24.88 270.67 36.77 
23.07 11.51 55.55 14.62 90.87 18.56 160.62 24.58 244.84 34.41 
20.29 10.88 57.21 14.46 87.76 19.08 151.83 25.03 263.91 35.28 
21.19 11.03 59.93 14.86 99.49 19.71 164.04 25.55 246.03 35.33 
20.92 11.3 49.65 14.94 80.89 18.98 134.9 24.52 255.99 36.48 
25.63 10.35 51.31 14.69 96.16 19.59 158.18 25.57 295.85 37.25 
23.52 11.52 54.86 14.61 79.72 18.1 124.55 23.5 218.5 33.48 
21.44 11.63 50.06 14.68 76.9 19.57 127.93 26.01 218.22 36.48 
30.21 11.88 60.86 15.04 101.5 20.07 172.88 25.87 282.16 36.37 
18.42 12.78 47.79 14.61 77.66 18.47 137.07 24.77 207.07 33.92 
21.19 12.89 50.51 14.22 89.52 19.07 143.73 25.83 262.72 37.75 
20.39 11.52 48.3 14.7 94.29 19.06 150.23 24.69 262.12 35.13 
25.09 11.5 56.19 14.96 95.36 19.15 135.41 24.17 255.3 35.58 
25.73 12.07 56.23 14.95 91.38 18.94 147.35 24.15 298.44 36.86 
32.3 11.91 64.24 15.18 112.1 19.8 177.54 26.7 282.95 38.21 
26.13 11.43 59.09 14.82 93.65 19.21 150.31 25.33 256.2 34.68 
21.02 10.97 56.32 14.53 97.56 18.85 159.89 25 259.55 35.04 
21.16 11.56 53.14 14.65 88.88 18.61 141.82 23.77 258.45 33.47 
22.61 11.74 58.34 15.31 95.11 19.16 156.62 25.39 270.77 35.42 
28.62 11.14 54.99 14.39 74.78 18.62 124.55 23.49 194.48 34.41 
25.11 11.9 57.76 14.94 85.75 18.69 158.97 25 253.28 35.09 
25.22 11.36 58.77 14.75 94.53 19.33 148.55 24.75 252.62 34.74 
28.12 11.63 66.64 15.23 99.2 19.2 153.87 24.95 255.59 34.89 
21.02 11.31 49.6 14.69 81.66 19.18 122.43 24.7 203.08 35.2 
27.94 12.08 62.64 15.42 98.53 19.74 165.95 25.1 269.94 35.84 
30.85 11.71 59.34 14.69 88.86 18.14 136.96 22.97 225.08 32.79 
21.3 10.97 51.36 15 95.58 20.18 136.26 25.44 249.8 37.47 
23.06 11.2 56.9 14.65 105.71 19.35 164.59 25.67 269.48 36.42 
19.45 11.13 56.66 14.42 75.14 18.25 133.71 24.95 237.07 35.68 
20.8 10.98 54.73 14.92 107.91 19.52 173 24.87 261.16 34.44 
25.63 11.69 55.33 14.7 94.56 18.52 150.57 25.13 272.7 35.94 
27.58 11.07 44.48 14.48 75.32 19.18 118.99 24.54 218.7 35.89 
23.13 11.7 50.42 14.86 85.51 18.8 135.27 24.28 251.55 34.99 
25.33 11.13 67.94 15.48 110.29 18.99 179.15 24.85 273.94 34.39 
25.18 11.77 59.83 14.95 100.22 18.77 153.76 24.34 261.58 35.31 
24.08 11.78 51.6 14.99 81.91 19.23 133.09 24.22 210.78 33.2 
27.16 11.78 57.36 14.94 108.17 19.58 174.04 25.38 276.6 34.58 
23.89 11.28 55.71 14.62 97.23 19.13 157.59 25.35 276.6 35.97 
28.83 11.65 61.07 14.91 93.72 18.61 156.62 25.15 272.36 37.25 
18.35 10.16 53.79 14.46 90.7 18.55 148.36 24.13 267.42 34.73 
16.04 10.74 43.18 14.03 77.66 18.7 119.45 23.96 182.3 33.72 
22.72 11.19 52.43 14.88 95.1 19.02 137.41 24.27 242.02 36.62 
29.31 11.21 48.91 15.19 78.96 19.23 140.31 25.15 251.45 36.05 
20.45 11.21 55.46 14.94 91.85 19.22 148.21 24.9 222.51 34.53 
20.95 12.96 56.48 15.39 88.02 19.95 147.69 26.31 243.25 37.51 
24.72 11.5 59.82 14.54 98.31 18.9 161.43 25.15 274.8 36.53 
22.4 12.99 52.01 14.49 111.05 19.63 168.75 24.84 276.55 35.42 
22.47 11.48 48.22 14.75 82.89 18.64 137.78 24.21 245.88 34.9 
22.49 11.26 49.66 15.94 81.75 18.24 145.51 23.93 242.06 33.67 
24.29 11.33 63.8 15.03 108.85 19.1 176.57 24.35 282.47 34.6 
20.43 12.3 55.62 14.94 89.09 18.83 147.41 24.88 222.26 34.21 
21.07 11.25 50.08 14.53 86.93 18.71 132.64 24.3 232.87 35.35 
21.49 11.25 51.16 14.47 80.21 18.17 145.61 24.66 233.2 34.61 
25.51 11.51 57.1 15.15 105.15 20.24 152.12 25.57 271.88 36.94 
29.85 11.96 56.42 14.62 92.27 18.35 141.79 23.82 263.4 35.18 
26.85 11.09 57.45 14.37 97.73 18.31 153.97 23.7 295.61 35.17 
25.06 11.69 62.1 15.37 103.25 19.09 173.38 25.87 311.62 37.09 
19.51 10.61 56.25 14.74 86.04 19.34 136.04 25.05 236.27 35.28 
18.95 11.08 51.81 15.32 93.78 19.48 143.59 24.4 211.07 34.93 
26.72 11.92 58.57 15.98 105.37 19.5 167 25.37 312.04 36.58 
30.44 11.6 57.82 15.88 90.95 18.88 148.55 24.64 248.78 35.03 
23 11.04 53.38 15.12 89.19 20.12 137.6 25.35 249.88 35.47 
28.83 12.2 59.59 15.7 95.97 19.62 156.33 25.59 298.33 37.6 
23.19 10.81 55.71 14.84 85.17 18.92 134.12 25.09 221.88 35.01 
21.35 11.21 59.88 14.97 98.77 19.33 146.27 24.96 243.59 35.61 
19.14 11.16 54.45 14.59 72.23 18.78 116.24 24.85 202.47 35.21 
28.94 12.16 56.32 15.09 96.21 19.09 141.91 24.77 193.15 34.83 
18.55 10.13 48.62 14.53 74.15 19.21 115.48 23.74 220.15 34.53 
21.93 11.4 56.68 15.36 104.43 20.23 162.82 26.15 276.05 36.93 
34.52 12.01 67.41 15.5 109.35 19.25 170.54 26.14 288.15 37.08 
31.04 12.03 58.19 15.23 89.15 19.6 149.34 25.19 264.07 36.63 
26.83 11.6 49.47 15.63 72.64 18.05 120.89 23.63 193.49 32.59 
18.06 10.54 50.93 14.45 100.3 19.04 166.79 24.5 289.89 34.46 
