111.66 40.65 108.01 20.96 146.29 51.31 92.06 20.96 185.32 64 88.51 20.96 277.93 90.06 69.17 20.96 539.24 141.75 96.31 20.96 
123.88 54.43 88.49 19.69 127.36 61.26 81.78 19.69 122.44 73.26 89.21 19.69 267.38 98.76 59.16 19.69 378.15 142.86 87.12 19.69 
64.87 31.08 45.25 11.07 64.74 35.66 44.73 11.29 65.37 43.94 44.78 11.29 144.29 56.02 42.21 11.29 204.48 74.64 24.58 11.29 
130.4 60.82 42.79 17.94 146.31 66.81 68.36 18 112.95 76.3 65.15 18.27 226.37 91.04 65.28 18.45 303 134.12 51.29 18.57 
105.8 60.39 54.69 19.82 157.57 69.87 62.01 19.88 110.83 78.1 44.68 19.98 176.96 91.72 45.02 20.64 348.53 127.46 54.95 21.06 
56.98 47.15 38.7 15.47 110.88 51.79 69.13 17.46 85.73 58.13 56.71 17.7 131.32 71.03 76.65 18.52 201.43 100.13 43.15 19.41 
58.15 46.79 57.25 17.54 110.65 49.99 87.75 19.72 81.16 57.45 96.71 21.51 189.59 74.52 56.75 21.59 264.97 111.72 72.41 21.59 
54.73 44.33 62.94 18.55 84.81 50.51 60.16 18.55 87.97 56.86 72.22 18.55 176.43 72.71 55.31 18.55 267.29 127.22 79.4 18.55 
64.17 47.42 41.26 17.72 92.63 55.29 71 17.72 180.44 70.15 67.38 17.72 244.59 89.18 42.78 17.72 354.49 127.35 73.01 17.72 
49.49 32.54 42.77 13.46 93.08 40.4 58.82 13.46 96.66 47.87 60.31 13.46 138.68 64.74 41.27 13.46 255.33 91.88 33.42 13.46 
78.56 59.28 56.03 19.36 161.65 66.98 56.99 19.36 163.65 79.06 59.7 19.36 240.23 93.27 68.66 19.36 277.61 130.5 80.1 19.36 
51.72 37.71 49.83 17.48 116.73 47.46 79.55 17.48 91.47 56.93 44.56 17.48 227.9 80.53 62.69 17.48 309.35 144.18 79.45 17.48 
33.36 29.79 34.37 13.46 75.21 35.09 43.54 14.91 61.46 43.22 48.62 15.03 156.59 60.37 34.4 15.21 224.92 109.26 59.24 15.79 
68.28 49.53 73.87 17.4 117.21 51.79 60.28 17.4 89.1 60.32 73.16 17.4 170.56 71.39 60.38 17.4 278.36 107.64 41.33 17.4 
98.83 64.02 53.96 17.81 150.82 70.73 41.9 17.83 107.72 81.11 68.29 18.33 258.16 107.22 49.5 18.67 366.96 176.2 86.51 21.94 
76.87 45.75 43.28 16.16 125.58 53.73 51.36 17.09 85.2 60.87 69.81 17.09 132.04 76.18 53.34 17.17 297.11 120.54 55.36 17.75 
98.83 50.61 97.86 23.2 132.82 58.52 60.86 23.36 96.8 69.98 97.99 23.36 177.63 97.76 79.68 23.36 412.4 148.8 69.11 23.36 
78.64 52.01 65.43 19.99 118.19 58.37 70.96 20.96 105.6 65.87 81.4 21.1 167.49 80.11 64.83 24.44 289.18 122.21 91.69 24.92 
66.53 46.91 47.64 17.85 142.27 57.48 53.83 17.85 187.95 71.77 76.31 17.85 232.75 89.18 63.07 17.85 419.2 136.5 55.11 17.85 
51.35 34.37 42.99 11.62 78.95 38 34.16 13.02 96.33 41.52 29.21 13.1 130.65 51.88 31.21 13.86 307.91 106.06 43.4 14.4 
79.17 45.57 32.22 15.21 88.27 51.68 54.47 16.08 139.87 60.19 51.48 16.12 173.38 71.46 66.48 16.37 279.4 103.77 49.28 16.65 
60.4 39.13 53.13 15.52 121.27 49.2 44.2 15.52 165.26 62.51 68.72 15.52 197.9 78 42.31 15.52 288.8 111.13 69.7 15.52 
96.12 79.35 102.72 31.1 183.08 93.46 72.98 31.6 252.56 105.12 116.51 32.86 237.55 126.39 87.96 32.86 393.91 169.4 93.76 32.86 
61.32 49.19 48.97 21.36 110.11 59.82 80.35 21.36 184.63 73.14 57.39 21.36 161.25 94.46 91.4 21.36 404.05 140.59 69.65 21.36 
69.02 37.17 62.12 14.84 99.58 43.75 39.91 15.5 128.55 52.95 53.89 15.56 105.2 68.12 39.06 15.62 311.63 108.3 69.74 16.12 
84.27 42.21 61.92 17.14 106.26 49.12 58.29 17.14 124.79 54.35 74.65 18.07 139.68 65.37 45.65 18.15 262.64 100.56 57.01 18.15 
76.26 39.95 30.91 14.03 120.23 50.32 65.77 16.4 102.28 53.58 69.16 16.54 158.7 63.5 55.69 16.9 241.79 104.07 47.29 17.62 
102.42 48.92 79.38 19.9 123.69 55.92 77.66 19.9 132.55 64.15 71.49 19.9 199.27 79.89 43.01 19.9 244.94 132.71 43.19 19.9 
81.18 37.42 66.07 14.38 103.35 44.37 66.2 14.76 100.14 54.38 69.07 14.76 210.21 79.41 36.31 14.76 456.64 145.7 67.24 14.76 
62.44 29.84 31.74 9.17 82.82 35.77 33.59 9.34 74.32 41.63 21.34 9.56 117.54 52.6 28.09 10.27 221.74 79.5 44.24 10.45 
47.04 35.22 26.41 12.24 88.26 39.27 31.58 12.24 90.98 42.7 32.09 12.24 87.59 53.28 29.84 12.24 234.34 85.39 50.09 12.24 
111.23 72.49 81.35 23.5 161.95 80.32 56.9 23.56 213.83 89.33 67.38 23.99 230.09 106.75 61.71 24.05 444.57 149.97 60.11 24.87 
70.03 33.88 37.72 13.49 69.35 36.88 66.41 14.99 90.02 43.92 42.4 15.52 117.43 58.42 38.11 15.65 251.05 94.84 53.95 16.56 
59.35 37.91 39.42 14.18 110.74 46.1 65.86 14.18 125.28 54.28 42.67 14.18 160.92 68.63 42.26 14.18 397.05 123.36 36.69 14.18 
61.46 38.77 67.82 15.43 92.78 41.45 68.8 15.74 99.55 49.85 37.71 15.84 166.71 66.89 47.23 16.28 331.47 113.6 61.4 16.44 
98.09 43.11 92.23 20.36 91.66 47.56 71.32 20.36 149.98 57.43 87.94 20.36 181.07 75.99 53.77 20.36 306.68 106.39 73.79 20.36 
108.18 58.87 90.62 26.37 113 74 104.26 26.77 192.68 85.34 66.23 28.09 207.51 106.2 112.45 28.09 448.29 176.85 69.14 28.09 
71.92 37.55 43.53 17.27 75.73 42.46 55.26 17.27 121.35 51.78 56.7 17.27 125.76 73.35 76.64 17.27 339.74 124.31 74.68 17.27 
48.47 33.23 20.62 10.79 68.87 41.21 34.71 11.18 83.1 52.08 53.27 13.82 173.51 86.79 41.18 13.97 606.74 179.57 57.51 14.96 
118.48 54.88 58.28 14.26 84.29 57.16 57.29 14.26 91.53 60.78 55.39 14.26 118.15 73.39 48.1 14.26 232.54 105.46 57.83 14.26 
78.13 36.39 42.23 16.73 63.42 40.48 49.88 16.73 100.99 44.78 53.42 16.73 95.42 54.74 39.45 16.73 125.07 77.84 38.71 16.73 
99.61 44.31 46.26 15.93 66.36 47.21 56.35 16.04 136.28 57.11 50.37 19.03 162.73 68.55 50.3 19.44 204.85 107.8 57.59 19.92 
48.01 23.54 52.22 11.79 41.62 27.75 30.25 11.79 65.62 30.79 27.88 11.79 75.38 37.17 28.24 11.79 136.15 65.67 27.79 11.79 
132.5 58.07 65.68 22.85 147.62 68.55 87.96 22.85 146.02 77.31 55.18 23.15 159.83 87.07 100.32 23.66 227.01 119.22 58.17 23.98 
104.28 43.53 42.45 15.73 102.45 53.55 76.67 17.55 112.32 65.19 57.46 19.88 147.16 92.23 48.47 20.23 378.92 150.26 77.52 20.79 
121.76 60.42 54.88 23.93 97 67.14 98.77 24.03 120.85 75.98 81.46 26.59 137.09 92.84 71.42 26.9 320.71 141.27 73.43 27.38 
79.45 40.11 21.78 9.99 56.85 42.47 39.62 10.23 61.19 48.96 26.83 10.45 79.47 57.83 43.09 10.61 141.42 87.98 27.5 11.67 
107.63 50.04 46.71 19.89 67.27 53.41 66.43 23.07 105.77 69.22 78.33 23.25 156.28 92.18 59 23.25 429.41 144.06 58.89 23.89 
82.9 37.53 54.2 18.75 77.35 44.57 56.63 18.75 129.08 52.26 47.54 18.75 132.09 67.46 48.29 18.75 344.95 113.8 44.22 18.75 
127.27 54.65 88.76 20.92 103.06 59.88 58.37 21.13 161.5 65.9 55.11 21.17 141.62 77.55 51.09 21.44 381.7 127.32 62.04 21.68 
123.51 55.9 84.97 19.89 132.31 64.15 70.29 20.2 176.63 74.02 84.82 20.4 143.47 88.76 66.37 21.16 307.14 130.48 79.4 21.38 
84.08 36.74 41.03 10.97 110.15 46.75 23.55 11.1 133.7 57.59 31.75 11.22 139.02 85.83 47.77 12.27 530.33 164.12 50.62 13.02 
83.13 38.93 33.93 12.4 96.22 44.72 45.52 12.73 83.3 53.23 30.71 14.22 122.93 64.92 35.45 14.33 324.37 122.33 36.18 14.72 
77.42 37.04 62.51 14.94 77.72 43.51 34.85 15.09 78.96 54.93 38.52 15.25 173.69 74.97 36.11 15.72 263.15 118.11 45.64 15.98 
60 29.27 25.92 7.91 53.09 34.07 33.26 8.85 65.69 41.49 33.65 9.05 160.32 61.01 30.52 9.32 412.34 133.45 28.89 9.9 
106.33 49.08 43.88 16.45 136.48 60 79.12 19.37 97.05 67.74 76.14 19.45 178.41 77.19 43.88 19.67 224.16 110.23 45.89 20.27 
94.35 42.56 73.87 16.37 116.2 49.47 66.98 18.64 119.47 60.46 81.15 18.66 185.8 83.57 47.18 19.04 309.55 130.09 62.24 19.2 
102.12 42.91 88.28 19.59 137.74 53.9 54.66 19.59 173.26 66.37 47.14 19.59 193.3 88.46 48.4 19.59 409.41 138.88 86.71 19.59 
47.44 31.07 15.35 8.71 83.48 37.32 27.94 8.75 107.74 45.54 17.71 9.28 162.37 61.75 19.52 9.72 200.05 109.35 38.58 10.47 
83.14 38.45 57.88 14.53 94.24 43.23 56.46 14.53 108.3 46.78 54.57 14.53 149.21 60.26 30.72 14.53 213.64 101.72 38.89 14.53 
57.1 26.54 22.79 10.54 51.19 28.23 40.06 13.64 50.96 35.15 60.74 13.79 117.89 45.31 63.19 13.95 178.09 77.05 37.03 14.54 
143.48 65.43 64.59 26.26 104.81 70.02 113.46 26.26 114.1 75.8 104.83 26.26 199.94 90.54 73.69 26.26 430.67 140.97 61.84 26.26 
81.73 47.86 43.7 16.04 89.03 53.32 45.43 16.04 93.45 66.51 44.57 16.04 136.75 87.1 38.41 16.9 402.82 147.25 46.09 17.24 
30.45 24.84 19.58 9.84 46.46 29.98 38.63 10.37 74.63 43.51 25.94 11.9 153.38 55.28 31.08 12.2 263.31 102.22 38.85 16.3 
55 40.08 45.19 12.21 64.37 45.39 47.42 12.57 78.29 51.44 29.36 12.77 160.92 65.27 35.31 13 251.16 96.87 29.3 13.65 
97.13 45.98 40.73 15.9 85.02 52.16 53.09 17.66 94.29 64.9 77.81 17.92 179.79 84.18 46.95 18.3 411.03 138.41 48.71 19.05 
57.4 36.82 27.55 12.6 72.48 44.22 30.93 12.76 67.37 49.71 48.57 13 152.58 63.93 31.2 13.32 295.15 106.59 42.57 13.32 
33.96 28.62 24.64 8.22 67.54 33.46 24.58 8.26 50.66 39.35 27.9 8.87 142.31 57.27 17.22 9.21 349.62 115.38 33.33 9.52 
83.03 59.55 58.72 28.78 107.85 63.29 70.05 28.8 95.31 72.43 99.85 28.8 203.97 89.13 99.7 28.8 377.72 149.64 90.45 28.8 
55.2 37.98 27.69 11.57 77.14 43.7 50.47 11.57 96.62 51.17 28.13 11.57 178.59 65.76 30.17 11.57 204.13 82.03 27.18 11.57 
81.35 46.28 86.43 19.54 70.03 53.18 75.58 19.54 147.54 59.8 82.82 19.54 198.08 75.62 52.46 19.54 309.93 123.02 52.08 19.54 
74.81 36.29 52.91 12.65 54.07 41.78 54.13 12.88 79.53 49.79 32.95 13.06 135.61 59.72 55.98 13.24 234.56 94.1 46.9 13.76 
82.57 37.39 52.8 16.09 62.76 47.03 67.55 16.09 95.52 54.73 37.3 16.09 118.57 72.24 41.19 16.09 363.75 132.06 51.2 16.09 
94.23 44.07 36.26 15.19 58.68 46.96 64.44 15.39 114.27 51.46 61.08 15.41 120.18 70.16 38.72 15.55 391.59 138.66 36.81 16.05 
116.41 50.38 75.23 17.63 84.23 61.87 72.48 17.63 125.87 73.66 72.94 17.63 219.57 93.06 71.83 17.63 348.26 121.02 42.29 17.63 
136.69 62.04 50.65 22.11 108.06 72.4 92.45 22.11 131.33 86.29 90.66 22.11 298.5 111.51 66.3 22.11 410.17 155.72 73.71 22.11 
86.56 38.52 70.05 16.92 114.19 48.19 65.53 18.58 87.21 58.82 55.22 18.68 213.7 80.15 53.18 19.35 253.39 114.5 60.45 19.87 
109.17 51.34 37.88 15.33 84.59 56.9 35.64 15.41 93.23 68.23 61.95 15.54 166.35 85.98 37.67 16.8 308.64 139.46 65.41 22.11 
105.21 47.75 74.38 17.41 83.9 56.07 79.5 17.65 103.29 63.39 72.88 17.65 144.91 77.27 51.48 17.65 357.99 130.09 51.99 17.65 
79.86 38.9 42.41 18.32 55.65 44.47 84.43 19.81 78.9 52.07 69.74 19.87 96.58 66.1 53.01 20.15 243.69 113.71 90.33 20.84 
98.94 42.62 57.01 16.35 78.27 50.41 51.54 16.42 135.12 58.61 47.44 16.65 175.34 74.57 68.89 16.91 333 111.46 49.91 17.17 
123.03 81.18 128.47 31.93 118.11 91.49 99.31 31.93 172.79 101.27 77.79 31.93 198.22 123.28 126.23 31.93 439.82 170.8 104.9 31.93 
91.25 57.13 56.56 21.5 153.98 68.53 60.68 21.7 113.71 72.82 90.88 21.78 159.66 83.03 53.41 22.17 254.85 125.42 74.49 22.51 
112.59 67.18 80.35 25.05 155.55 70.47 84.6 25.09 148.5 77.43 80.7 25.61 155.14 98.29 78.23 25.8 428.18 149.86 107.3 26.32 
117.46 61.47 57.79 25.26 179.29 77.39 61.81 25.34 237.1 95.29 90.06 25.34 333.37 124.99 92.04 26.88 362.1 183.12 93.61 26.88 
66.44 34.25 50.52 20.46 98 41.75 96.66 21.68 128.57 50.3 96 21.68 176.05 65.37 67.33 21.68 183.17 98.8 70.42 21.68 
48.54 40.31 32.62 10.52 94.93 47.18 29.09 10.99 125.01 56.37 45.31 11.27 170.61 78.18 25.22 11.6 321.87 160.87 52.88 12.5 
75.65 44.49 59.08 19.03 135.12 51.99 44.93 19.13 159.89 64.25 42.61 19.29 126.72 80.61 61.61 19.57 215.86 116.79 74.81 19.85 
64.96 35.04 65.36 14.98 90 42.03 38.47 15 124.03 49.87 59.59 15 96.02 63.87 37.75 15 180.16 96.75 67.51 15 
89.83 48.92 84.55 18.74 131.22 54.3 52.91 18.74 162.65 65.46 72.79 18.74 130.41 80.2 63.47 18.74 205.63 116.18 46.63 18.74 
61.9 29.53 15.06 8.35 73.66 34.44 19.33 8.7 96.87 41.5 34.1 9.22 99.95 67.51 20.47 9.37 321.81 139.28 27.77 9.86 
94.98 42.48 29.66 15.23 108.91 48.23 54.27 15.72 139.72 57.91 40.78 15.97 146.2 86.7 43.13 17.25 490.84 153.01 72.43 19.44 
64.38 31.64 34.65 14.35 70.02 34.36 43.09 14.62 95.83 41.05 44.48 14.72 78.35 53.6 66.47 15.02 297.46 103.47 71.1 15.64 
53.32 26.5 6.87 6.35 62.34 29.75 15.32 7.61 86.09 35.83 13.67 7.79 85.45 51.54 16.79 8.1 302.55 105.06 17.56 8.64 
149.31 68 129.55 30.91 134.84 74.73 76.54 30.91 204.28 85.44 124.43 30.91 170.42 103.74 85.76 30.91 500.87 158.72 129.36 30.91 
73.85 35.57 58.11 17.57 89.38 40.29 67.09 17.57 108.13 45.81 79.52 17.57 87.93 59.76 62.81 17.57 291.24 106.97 82.14 17.57 
135.97 64.17 77.37 24.02 157.35 72.18 94.55 24.02 187.18 81.08 56.41 24.02 148.04 100.94 60.59 24.02 258.88 144.68 53.4 24.02 
112.74 51 48.62 16.67 117.09 55.53 52.27 16.71 155.96 64.45 61.7 17.49 191.77 81.51 52 17.71 349.05 127.56 49.77 18.3 
105.88 48.35 48.94 15.96 96.29 58.68 67.48 16.58 133.94 69.58 77.7 18.98 166.93 89.46 46.72 19.21 401.86 136.39 84.52 19.99 
125.48 53.21 97.89 24.79 107.44 64.65 96.76 24.79 186.58 74.67 100.77 24.79 149.39 87.59 108.56 24.79 368.14 127.7 96.66 24.79 
