166 19 130 19 133 19 176 19 186 
167 10 88 10 128 10 160 10 146 
68 19 77 19 142 19 141 19 137 
137 10 129 10 132 10 132 10 177 
129 15 168 15 163 15 174 15 184 
71 12 74 12 110 12 182 12 158 
88 6 135 6 134 6 135 6 199 
163 15 84 15 139 15 139 15 143 
76 11 111 11 151 11 120 11 188 
145 11 75 11 115 11 175 11 153 
164 17 93 17 91 17 140 17 177 
141 9 102 9 156 9 119 9 182 
163 11 143 11 143 11 180 11 188 
75 20 151 20 98 20 135 20 166 
91 15 117 15 112 15 113 15 173 
70 9 161 9 108 9 162 9 173 
142 15 91 15 126 15 188 15 170 
121 17 95 17 124 17 123 17 176 
129 10 114 10 107 10 116 10 151 
111 9 97 9 156 9 154 9 138 
154 12 88 12 140 12 173 12 157 
138 18 94 18 107 18 115 18 177 
150 7 80 7 170 7 153 7 164 
89 20 111 20 137 20 171 20 159 
162 18 126 18 137 18 171 18 164 
112 12 138 12 170 12 153 12 145 
147 16 168 16 136 16 173 16 137 
67 9 130 9 124 9 114 9 198 
64 14 106 14 161 14 117 14 131 
106 7 121 7 113 7 175 7 169 
69 17 126 17 135 17 135 17 197 
167 7 141 7 170 7 172 7 192 
135 15 108 15 160 15 154 15 163 
108 9 76 9 115 9 159 9 170 
109 13 118 13 106 13 185 13 191 
143 14 95 14 115 14 114 14 180 
158 5 107 5 102 5 155 5 179 
115 8 104 8 154 8 141 8 197 
132 20 100 20 129 20 157 20 197 
121 13 84 13 168 13 141 13 146 
153 15 90 15 141 15 142 15 162 
86 6 114 6 144 6 124 6 186 
111 12 169 12 109 12 131 12 195 
123 5 126 5 150 5 129 5 164 
113 15 160 15 94 15 189 15 135 
112 12 113 12 134 12 157 12 131 
148 18 120 18 165 18 147 18 186 
92 9 132 9 132 9 125 9 171 
169 19 149 19 119 19 177 19 181 
129 8 76 8 121 8 114 8 199 
162 19 120 19 107 19 170 19 160 
114 12 167 12 128 12 152 12 180 
81 13 97 13 110 13 124 13 158 
119 6 133 6 109 6 127 6 165 
133 8 114 8 101 8 158 8 178 
123 7 89 7 142 7 163 7 169 
87 8 75 8 151 8 135 8 156 
98 17 113 17 103 17 158 17 190 
131 9 100 9 111 9 145 9 133 
111 16 166 16 132 16 186 16 138 
129 20 153 20 90 20 150 20 187 
111 11 111 11 126 11 138 11 151 
100 8 71 8 146 8 167 8 178 
104 8 134 8 95 8 155 8 190 
70 14 107 14 107 14 177 14 198 
132 11 166 11 101 11 147 11 145 
85 17 110 17 122 17 150 17 190 
137 14 73 14 170 14 122 14 147 
127 11 71 11 155 11 131 11 174 
122 19 90 19 94 19 171 19 195 
117 7 160 7 92 7 116 7 200 
89 7 169 7 97 7 178 7 179 
109 17 108 17 91 17 164 17 133 
147 12 111 12 160 12 172 12 134 
154 10 98 10 156 10 171 10 166 
144 16 125 16 137 16 157 16 143 
133 6 162 6 160 6 111 6 177 
166 20 147 20 134 20 133 20 135 
71 18 76 18 150 18 168 18 132 
76 15 148 15 166 15 181 15 136 
156 6 167 6 132 6 184 6 198 
157 15 123 15 113 15 141 15 152 
131 13 96 13 144 13 190 13 139 
82 8 150 8 111 8 156 8 176 
131 8 148 8 125 8 170 8 186 
162 18 121 18 113 18 150 18 173 
129 6 88 6 108 6 111 6 155 
149 11 91 11 131 11 136 11 132 
147 14 89 14 90 14 110 14 183 
74 7 155 7 103 7 125 7 156 
70 6 167 6 126 6 166 6 144 
116 7 85 7 153 7 182 7 149 
94 10 94 10 107 10 142 10 136 
158 7 89 7 103 7 151 7 190 
99 5 168 5 157 5 162 5 186 
117 7 91 7 159 7 140 7 134 
143 16 72 16 149 16 183 16 131 
66 10 127 10 112 10 182 10 139 
99 14 150 14 107 14 159 14 170 
95 5 166 5 103 5 149 5 173 
